810 962
818 953
818 956
823 946
822 963
824 948
807 956
813 952
824 950
813 956
816 950
830 946
811 955
814 955
822 953
832 964
823 965
819 961
809 956
821 956
821 956
823 974
818 950
814 947
836 964
830 956
799 951
817 961
816 950
812 955
819 958
814 958
829 950
815 949
828 952
810 964
825 963
823 964
834 964
819 947
819 962
827 957
816 953
815 950
812 948
821 962
824 951
814 949
821 960
819 960
818 956
810 956
825 961
814 948
828 960
808 963
817 962
820 944
825 962
823 954
809 961
816 960
819 958
824 960
821 942
814 965
819 958
814 942
825 952
830 960
816 953
827 953
805 950
804 955
820 953
821 964
821 953
810 951
814 960
821 962
815 954
809 939
830 964
819 963
825 958
822 961