1001111 1101000111 00000000
1001100 1101010110 00000000
1001101 1101011000 00000000
1000101 1101010110 00000000
1001011 1101010011 00000000
1000000 1101001000 00000000
1001001 1101010010 00000000
1001000 1101010110 00000000
1010001 1101011001 00000000
1001001 1101010011 00000000
1001001 1101011110 00000001
1000001 1110000110 00000000
100001 1111111100 00000000
10000 10011000101 00000000
100 11000110101 00000000
1111 10001000000 00000000
101011 1110001011 00000000
1001111 1100110100 00000000
1100010 1101011011 00000000
1100000 1101100110 00000000
111010 1101110000 00000000
11101 1111000110 00000000
11000 1111111101 00000000
1011 10011001000 00000000
1 10111010000 00000000
1011 10001010011 00000000
101110 1101111001 00000000
1011011 1101010101 00000000
1100000 1101011010 00000000
1100011 1101011001 00000000
111111 1101110111 00000000
101101 1110010010 00000000
11110 1111000011 00000000
1101 10010111010 00000000
0 11111001011 00000000
0 11001001000 00000000
100111 1110011101 00000000
1000111 1101011101 00000000
1101010 1101010010 00000000
1100010 1101010001 00000000
111101 1101101100 00000000
101000 1110100110 00000000
10111 10000011011 00000000
1011 10100100000 00000000
0 100010010100 00000000
1001 10010101100 00000000
101101 1101110001 00000000
1011001 1101010110 00000000
1100001 1101001111 00000000
1100001 1101010110 00000000
111101 1101101101 00000000
101000 1110101001 00000000
10001 10001100100 00000000
0 11010101100 00000000
1010 10011011010 00000000
101010 1110001000 00000000
1010100 1101100110 00000000
1011110 1101010001 00000000
1100001 1101001100 00000000
1000100 1101100011 00000000
101010 1101111010 00000000
10011 10001000110 00000000
101 10101111000 00000000
0 11011010110 00000000
10010 1111111000 00000000
111111 1101100010 00000000
1100110 1101010110 00000000
1101000 1101000011 00000000
1010001 1101101001 00000000
110001 1101111110 00000000
100000 1111001010 00000000
10000 10010010010 00000000
111 10101101101 00000000
1010 10010000010 00000000
101011 1110001100 00000000
1010101 1101001111 00000000
1011111 1101011000 00000000
1100000 1101001110 00000000
110011 1101111011 00000000
11001 10000001011 00000000
11 10111010001 00000000
0 100111011101 00000000
10 10100011011 00000000
110101 1101100101 00000000
1100110 1101010101 00000000
1010010 1101001010 00000000
1100000 1101010011 00000000
111100 1101110001 00000000
100001 1110111100 00000000
1011 10011010101 00000000
0 100001110110 00000000
0 100010110100 00000000
10110 1111010100 00000000
1000011 1101100010 00000000
1101001 1101010010 00000000
1100110 1101011000 00000000
1001101 1101011000 00000000
101101 1110010000 00000000
1100 10010111101 00000000
0 11111000000 00000000
0 100010001101 00000000
100001 1110011110 00000000
1010001 1101100111 00000000
1011110 1101011000 00000000
1100000 1101011100 00000000
1001010 1101101110 00000000
100110 1110010110 00000000
10100 10000110110 00000000
0 11100100100 00000000
0 11010011100 00000000
101111 1101111000 00000000
1100001 1101100001 00000000
1100010 1101011011 00000000
1100100 1101011010 00000000
1001000 1101101100 00000000
101101 1110100100 00000000
10001 10001001110 00000000
0 11011010000 00000000
0 10111101001 00000000
101110 1101110010 00000000
1100000 1101011001 00000000
1100001 1101010110 00000000
1100010 1101011001 00000000
1001011 1101101111 00000000
101101 1110010010 00000000
11001 10000000011 00000000
1010 10100100101 00000000
1 10100000010 00000000
110111 1101110000 00000000
1100010 1101011011 00000000
1100101 1101011000 00000000
1100100 1101101110 00000000
111110 1101110011 00000000
100110 1110101101 00000000
1100 10010011110 00000000
1 11000100001 00000000
10000 10000000011 00000000
1000011 1101101011 00000000
1010011 1101100001 00000000
1100110 1101001111 00000000
1010100 1101100000 00000000
110110 1101111010 00000000
11110 1111000111 00000000
101 10101001010 00000000
1010 10010010101 00000000
110101 1101101011 00000000
1100010 1101010000 00000000
1100100 1101011101 00000000
1011101 1101010010 00000000
110000 1110011000 00000000
10110 10000010011 00000000
1000 10011000001 00000000
0 11011010000 00000000
100100 1110000100 00000000
1100011 1101011101 00000000
1100100 1101010010 00000000
1100011 1101100011 00000000
111000 1101110001 00000000
11100 1111010110 00000000
101 10101011110 00000000
0 11000010000 00000000
101100 1110000000 00000000
1100011 1101010100 00000000
1010100 1101001111 00000000
1100100 1101011010 00000000
1001100 1101010100 00000000
110100 1101110100 00000000
11011 1111001010 00000000
110 10100101010 00000000
1000 10001111000 00000000
111011 1101110000 00000000
1100100 1101100000 00000000
1101000 1101011001 00000000
1100111 1101011101 00000000
1001001 1101101011 00000000
100111 1110011101 00000000
1011 10010101000 00000000
0 10100010100 00000000
101011 1101111011 00000000
1011101 1101100010 00000000
1100100 1101001101 00000000
1100110 1101010001 00000000
1010000 1101011100 00000000
111011 1101111010 00000000
100100 1110011101 00000000
110 10100111010 00000000
0 11101101010 00000000
100100 1110111101 00000000
1010011 1101100000 00000000
1100110 1101011100 00000000
1100110 1101001000 00000000
1010111 1101100001 00000000
101100 1110110101 00000000
10100 10000000000 00000000
0 11001110001 00000000
1 10010010001 00000000
110011 1110010001 00000000
1100110 1101011000 00000000
1100101 1101010011 00000000
1011101 1101011100 00000000
111001 1101011111 00000000
100100 1110110011 00000000
10000 10001101110 00000000
0 11000100000 00000000
11001 1110101001 00000000
1001101 1101100101 00000000
1100101 1101011000 00000000
1100011 1101011101 00000000
1011011 1101100101 00000000
1000000 1101101010 00000000
100110 1101111001 00000000
1010 10011000010 00000000
0 11000010000 00000000
100011 1110001000 00000000
1011100 1101100000 00000000
1010010 1101010101 00000000
1011001 1101010101 00000000
1101001 1101010000 00000000
1000010 1110000000 00000000
100100 1110100010 00000000
1000 10010100000 00000000
0 11010110001 00000000
100000 1110010001 00000000
1011001 1101011001 00000000
1101101 1101010100 00000000
1101110 1101010001 00000000
1100001 1101010001 00000000
111101 1101101100 00000000
11100 1111010111 00000000
11 10100010111 00000000
0 10101110100 00000000
101011 1101111001 00000000
1011101 1101011100 00000000
1100101 1101010111 00000000
1101001 1101011100 00000000
1010011 1101100101 00000000
111010 1101110001 00000000
100000 1110111000 00000000
1010 10010101001 00000000
0 11011011000 00000000
100111 1110001000 00000000
1011100 1101011001 00000000
1011100 1101010100 00000000
1100011 1101001010 00000000
1100100 1101011001 00000000
111100 1101100110 00000000
110010 1101101011 00000000
110100 1110110011 00000000
11011 1111111110 00000000
1000 10100000000 00000000
100110 1110010110 00000000
1010100 1101100000 00000000
1101010 1101001011 00000000
1100011 1101011010 00000000
1100101 1101010011 00000000
111010 1110101000 00000000
11100 1110110110 00000000
0 10110001011 00000000
0 10111010100 00000000
100101 1110001000 00000000
1010010 1101010100 00000000
1101101 1101010011 00000000
1110010 1101001101 00000000
1100000 1101011100 00000000
111110 1101110000 00000000
100001 1110110011 00000000
10 10100101000 00000000
1001 10000111000 00000000
110010 1101101111 00000000
1011111 1101011111 00000000
1101100 1101010101 00000000
1101101 1101011011 00000000
1011011 1101000100 00000000
110011 1101111011 00000000
10011 10000001101 00000000
0 11111100010 00000000
11 10010011010 00000000
101111 1101110111 00000000
1100001 1101100010 00000000
1100011 1101011000 00000000
1100011 1101011001 00000000
1001010 1101110011 00000000
110100 1110000110 00000000
100011 1110111101 00000000
10000 10001100000 00000000
10010 1111010111 00000000
1001010 1101101001 00000000
1101000 1101100100 00000000
1011110 1101011100 00000000
1100101 1101011110 00000000
1010001 1101100001 00000000
101010 1110010010 00000000
1000 10011100001 00000000
1001 10000110110 00000000
110110 1101110000 00000000
1101010 1101001110 00000000
1100001 1101011000 00000000
1100011 1101011010 00000000
1011111 1101101001 00000000
110101 1101100100 00000000
10101 10000001101 00000000
0 11001110101 00000000
100010 1110010001 00000000
1011111 1101100000 00000000
1100100 1101010110 00000000
1011100 1101100101 00000000
1011101 1101001010 00000000
110010 1101101101 00000000
11010 1111100011 00000000
101 10100010001 00000000
11111 1110011101 00000000
1100010 1101100000 00000000
1011011 1101010110 00000000
1011101 1101011001 00000001
1100011 1101001110 00000000
110011 1101110100 00000000
11000 1111100110 00000000
1010 10010110010 00000000
11111 1110010100 00000000
1100011 1101011101 00000000
1001101 1101010000 00000000
1010101 1101011101 00000001
1011111 1101011001 00000000
1001101 1101100011 00000000
100110 1110100100 00000000
1100 10010100000 00000000
1011 10001001001 00000000
110011 1101110100 00000000
1100110 1101011000 00000000
1100000 1101010100 00000000
1100111 1101010001 00000000
1011101 1101011010 00000000
110110 1101111111 00000000
11010 1111100011 00000000
10 10100011010 00000000
1000 10001011101 00000000
110101 1101110111 00000000
1101011 1101101010 00000000
1011100 1101010101 00000000
1100101 1101011001 00000000
1010011 1101010001 00000000
110001 1110001110 00000000
11011 1111011000 00000000
110 10100001101 00000000
100101 1101101000 00000000
1010101 1101011010 00000000
1100111 1101010111 00000000
1100110 1101100000 00000000
1100100 1101010100 00000000
1000001 1101101001 00000000
100000 1110111000 00000000
0 10111001000 00000000
1000 10000111101 00000000
111111 1101011011 00000000
1101001 1101001000 00000000
1100101 1101011101 00000000
1101000 1101100000 00000000
1001001 1101101110 00000000
101100 1110001100 00000000
10000 10000110010 00000000
0 11000001110 00000000
100100 1110001101 00000000
1011011 1101101010 00000000
1101000 1101010001 00000000
1011100 1101010000 00000000
1100100 1101010001 00000000
1000010 1101100111 00000000
11011 1111010111 00000000
10 10101011000 00000000
10010 1111011100 00000000
1000101 1101011010 00000000
1100101 1101011110 00000000
1010101 1101010100 00000000
1100011 1101010111 00000000
1000111 1101101011 00000000
11110 1110111010 00000000
0 11100110110 00000001
10011 1111001100 00000000
1000111 1101101101 00000000
1100111 1101010111 00000000
1011101 1101011000 00000000
1011111 1101010101 00000000
1101000 1101001000 00000000
1000111 1101100100 00000000
100101 1110100101 00000000
110 10011000010 00000000
1101 1111110001 00000000
111100 1101101111 00000000
1101000 1101001100 00000000
1101010 1101010000 00000000
1101111 1101010001 00000000
1001001 1101100010 00000000
100111 1110011100 00000000
110 10011111110 00000000
0 11000000100 00000000
100011 1110001011 00000000
1011000 1101101000 00000000
1100101 1101011000 00000000
1100001 1101010101 00000000
1101010 1101001111 00000000
1000110 1101100100 00000000
101001 1110001001 00000000
1000 10011110100 00000000
0 11000000011 00000000
11010 1111001100 00000000
1010000 1101100100 00000000
1101100 1101010001 00000000
1101100 1101010110 00000000
1101101 1101101010 00000000
1010100 1101011111 00000000
110010 1101111001 00000000
1111 10001101101 00000000
0 11101110100 00000000
11001 1111000011 00000000
1001000 1101101101 00000000
1101101 1101010010 00000000
1011010 1101010001 00000000
1100001 1101011100 00000001
1100010 1101010100 00000000
111000 1110000100 00000000
100011 1111000000 00000000
1 10111010100 00000000
0 10010011000 00000000
111101 1101101001 00000000
1100101 1101010111 00000000
1101100 1101010001 00000000
1101100 1101010011 00000000
1001111 1101101001 00000000
101010 1110111100 00000000
1100 10001110110 00000000
0 11010000011 00000000
11011 1110110110 00000000
1010001 1101011101 00000000
1100110 1101010100 00000000
1010111 1101001101 00000001
1100110 1101001011 00000000
1001110 1101000110 00000000
101001 1110000011 00000000
1110 10010000000 00000000
10 10011110100 00000000
110100 1101110110 00000000
1101011 1101010000 00000000
1100001 1101011100 00000000
1011011 1101010001 00000001
1100101 1101011110 00000000
110110 1101110101 00000000
111 10100001000 00000000
0 11010101010 00000000
11101 1110100101 00000000
1011000 1101011011 00000000
1011111 1101010111 00000000
1000100 1101010000 00000000
1001000 1101010100 00000000