4.47 2.82
4.36 2.77
4.33 2.80
4.51 2.82
4.44 2.80
4.38 2.81
4.36 2.83
4.37 2.82
4.41 2.84
4.41 2.85
4.47 2.82
4.35 2.90
4.37 2.80
4.29 2.80
3.98 2.74
3.93 2.73
3.90 2.65
3.98 2.74
3.69 2.67
3.71 2.61
3.55 2.63
4.27 2.83
4.41 2.89
4.35 2.82
4.26 2.80
4.28 2.77
4.44 2.85
4.40 2.79
4.48 2.83
4.41 2.79
4.52 2.81
4.33 2.86
4.39 2.83
4.33 2.77
4.42 2.77
4.31 2.80
4.31 2.82
4.32 2.80
4.44 2.75
4.44 2.80
4.52 2.82
4.33 2.78
4.39 2.74
4.25 2.75
3.07 2.71
3.16 2.32
2.86 2.43
2.93 2.10
2.59 2.39
4.33 1.98
4.42 2.71
4.39 2.85
4.21 2.80
4.35 2.82
4.55 2.80
4.29 2.80
4.40 2.83
4.24 2.78
4.44 2.76
4.35 2.83
4.30 2.84
4.51 2.88
4.27 2.76
4.44 2.81
4.26 2.77
4.28 2.82
4.39 2.85
4.52 2.84
4.32 2.77
4.37 2.59
3.63 2.14
2.47 2.44
2.49 2.18
2.51 2.08
2.26 2.17
2.73 2.13
2.86 2.44
3.74 2.65
4.36 2.80
4.49 2.87
4.31 2.81
4.39 2.80
4.42 2.79
4.31 2.78
4.35 2.81
4.42 2.88
4.46 2.79
4.53 2.83
4.45 2.85
4.31 2.82
4.30 2.76
4.35 2.72
4.35 2.76
1.90 2.72
1.45 1.91
1.92 1.34
1.36 1.96
2.11 1.93
2.46 0.75
4.47 2.87
4.51 2.77
4.31 2.79
4.38 2.87
4.23 2.79
4.38 2.86
4.29 2.83
4.40 2.88
4.44 2.81
4.46 2.77
4.25 2.87
2.22 2.23
4.42 2.86
4.33 2.82
4.33 2.83
4.22 1.75
4.40 2.81
4.38 2.85
4.21 2.78
4.31 2.81
4.40 2.82
4.25 2.83
4.27 2.83
4.42 2.88
4.39 2.81
4.48 2.86
4.36 2.84
4.41 2.80
4.33 2.88
4.39 2.80
4.31 2.88
4.39 2.80
4.47 2.84
